a 0.3
sector even
4 0.01011175087859992 0.8078062232201406 0.07096780488082907 0.267836104551377
8 0.009057176949662078 0.7967135355599266 0.059403281772409215 0.30255562209605663
12 0.008619783969970176 0.7923658778275633 0.05119671049911271 0.3059727658972584
16 0.00838226762101612 0.7900148390410231 0.04502462625124849 0.29999765877582457
24 0.00813068954833037 0.7875148363141748 0.0359010158374499 0.2771421694901254
32 0.007999013707608589 0.786197198992419 0.028985125220839774 0.24729928775541252
48 0.007862840853515355 0.7848242001610268 0.017603751022403517 0.17178504104339803
sector odd
4 0.2541841021512068 1.0978731695916897 0.2408320129565118 0.3415526074631646
8 0.2406836480537692 1.086847193568121 0.2005091969687032 0.3460780684169477
12 0.23535025047913685 1.0824050755233712 0.17314873084999802 0.3371499712763841
16 0.2324709584702186 1.0799561750566722 0.15260738722000972 0.32418473897296696
24 0.22941882517998746 1.0773077868157475 0.12209404752415448 0.2934133551969216
32 0.22781621815401149 1.0758909001796226 0.0988031469506018 0.25899766765283666
48 0.22615247496323454 1.0743970393412599 0.060185228540034046 0.17786187589643013
a 0.5
sector even
4 3.379515482353602e-06 0.02854225829543344 0.001849719876901459 0.2642185400122149
8 1.0991306109708887e-06 0.024774371228021952 0.0005523933171630101 0.461699077310662
12 1.0795614491243555e-06 0.022652441915600896 0.0004766991688172942 0.39533330736451017
16 1.0709345179549246e-06 0.02152238355985192 0.00046421454473129307 0.3662267894290175
24 1.052956373204239e-06 0.020544689877706634 0.00043273631814438846 0.41233468121762445
32 1.0326451773678968e-06 0.019928168200904928 0.00037074414900825793 0.3425282295125047
48 1.0075828775768514e-06 0.019335436159246377 0.00024409510438915972 0.28575704117453893
sector odd
4 0.0002770741900413043 0.44784586887078426 0.01315817757793634 0.3805700598426024
8 0.00025077705998244326 0.4162228238428147 0.01012682175688674 0.38266232328937044
12 0.0002440886689507593 0.4026277581598725 0.0096612231074092 0.4657630021269827
16 0.00023698991865028773 0.39387166959483677 0.009150131008911455 0.4788329687517968
24 0.0002254233825511598 0.38373913101787593 0.007498158403264817 0.3743469784917635
32 0.00021957690643903405 0.379354076217707 0.006435110235779651 0.43431747609367444
48 0.00021198794229437823 0.3741765833607218 0.004029155134420929 0.3550273175669
a 1.0
sector even
4 1.416727881049409e-12 4.9361466341611174e-09 1.6403740348151477e-06 0.17053708224730715
8 2.2488155731013654e-17 1.2163784148932568e-13 1.2459553727919601e-09 1.0131457847861822
12 -1.4971033637399115e-17 1.7955270566573888e-16 3.2576782956646812e-09 0.9629003459786801
16 -2.6011763592399186e-17 4.153931768199088e-17 1.5774408058103624e-09 0.7344372203245889
24 -3.974220715693647e-16 1.9776588781961438e-17 5.211995174834429e-09 0.7611577987149611
32 -3.865816509879738e-16 -1.9209320901620318e-16 1.604057737473149e-09 0.7064030645707288
48 -1.778057894580482e-15 -6.626477863137225e-16 1.3956755606088731e-09 0.9733570688096033
sector odd
4 1.3816804436544577e-10 1.8050224427185232e-06 1.3974895100907327e-05 0.9996489343115171
8 3.86353661251074e-16 7.373768228838508e-12 1.282889705706283e-08 0.6380812401024477
12 2.6530691179838448e-17 7.439348750856799e-16 6.687416929034411e-10 0.6988906484404317
16 1.8915347907258484e-17 3.540767326481509e-16 1.7060681162223257e-09 0.7623362334202827
24 1.9279606673459125e-16 2.0077908162063293e-16 2.226947561884604e-09 0.8428369378813857
32 -9.111586952207332e-16 1.074893931112777e-16 3.429451279919785e-09 0.7193277303313774
48 -1.0897148418877546e-16 4.535523757116062e-16 5.629427419724753e-10 0.6102255967445485
