status=uncertified a=1.0 modes=128 quadrature=700 mass_error=2.373e-13
sector=even dimension=64
cut,ritz0,ritz1,finite_tail_min,full_coupling,ground_residual,prime_coupling,remainder_coupling,tail_L
4,-5.07252405082e-05,-1.30389894212e-05,-0.000224556140466,0.170543084486,0.00324232427842,0.562845134441,0.907782507914,3.10123877744
cluster,4,1,0.00324232427842,-5.07252405082e-05
cluster,4,2,0.0044446673445,-1.30389894212e-05
cluster,4,4,0.170543084486,0.0141990322306
8,-0.000110522319396,-5.32210907949e-05,0.122963145933,1.01304572327,0.0035830305675,0.979813207773,0.631469500235,3.78158678967
cluster,8,1,0.0035830305675,-0.000110522319396
cluster,8,2,0.00406019442955,-5.32210907949e-05
cluster,8,4,0.00421022170019,-1.47697762649e-06
cluster,8,8,1.01304572327,2.12451970962
12,-0.00019614987788,-7.44308156079e-05,0.615217087719,0.962743677842,0.00328648903209,0.90375292423,0.499642886086,4.18615963317
cluster,12,1,0.00328648903209,-0.00019614987788
cluster,12,2,0.00402628739277,-7.44308156079e-05
cluster,12,4,0.00547109090694,-1.08333169355e-05
cluster,12,8,0.866171245876,1.23837924727
16,-0.000210922588247,-8.5151932276e-05,0.71875805335,0.73436107474,0.00223883977561,0.632662065669,0.416866240481,4.47502273641
cluster,16,1,0.00223883977561,-0.000210922588247
cluster,16,2,0.00347038984261,-8.5151932276e-05
cluster,16,4,0.00446305560235,-1.58658067151e-05
cluster,16,8,0.506187414817,0.881270922364
24,-0.000223386171184,-0.000115106353366,1.11772254202,0.760896898575,0.00248385476228,0.653979688411,0.311547261638,4.88370764714
cluster,24,1,0.00248385476228,-0.000223386171184
cluster,24,2,0.00518449804697,-0.000115106353366
cluster,24,4,0.00590432726149,-1.96994673638e-05
cluster,24,8,0.385554855358,0.746019813506
32,-0.000224423276173,-0.000118455502484,1.15171355858,0.706554656526,0.00189336512768,0.726608980573,0.241641877214,5.17400410072
cluster,32,1,0.00189336512768,-0.000224423276173
cluster,32,2,0.00392918706868,-0.000118455502484
cluster,32,4,0.00444544034534,-2.00353481621e-05
cluster,32,8,0.218850029203,0.726845224885
48,-0.000225460005932,-0.000121798566236,1.52284307029,0.970104953808,0.00126162752433,0.944511494273,0.139694110241,5.5808234528
cluster,48,1,0.00126162752433,-0.000225460005932
cluster,48,2,0.0025776834736,-0.000121798566236
cluster,48,4,0.0028965333303,-2.03766879537e-05
cluster,48,8,0.13657975877,0.721809239136
sector=odd dimension=64
cut,ritz0,ritz1,finite_tail_min,full_coupling,ground_residual,prime_coupling,remainder_coupling,tail_L
4,-4.13760488402e-05,-8.58922151158e-06,-0.000235335464274,0.999612957393,0.00168607400039,0.840411933249,0.131362105058,3.22744961537
cluster,4,1,0.00168607400039,-4.13760488402e-05
cluster,4,2,0.00195314798403,-8.58922151158e-06
cluster,4,4,0.999612957393,0.812861244292
8,-0.000125625251669,-5.76685433633e-05,0.0968045287858,0.638141381555,0.00707918323207,0.775865245721,0.0958802288032,3.84697122786
cluster,8,1,0.00707918323207,-0.000125625251669
cluster,8,2,0.00828081220874,-5.76685433633e-05
cluster,8,4,0.0101640751279,-2.39318579199e-07
cluster,8,8,0.638141381555,2.50665422865
12,-0.000200297042556,-7.62949004095e-05,0.639028978167,0.699030858774,0.00439994041166,0.839532228174,0.077167830496,4.2300214952
cluster,12,1,0.00439994041166,-0.000200297042556
cluster,12,2,0.00634974380938,-7.62949004095e-05
cluster,12,4,0.0107382383353,-9.9784482273e-06
cluster,12,8,0.459636368688,1.54328371728
16,-0.000236149336824,-0.000144903879511,0.713101749118,0.762474084018,0.0035130625679,0.853450128198,0.0649464248615,4.50789128534
cluster,16,1,0.0035130625679,-0.000236149336824
cluster,16,2,0.00492089831749,-0.000144903879511
cluster,16,4,0.00505740145027,-2.59141101657e-05
cluster,16,8,0.38777932187,0.888797916729
24,-0.000240880456384,-0.000149039351199,1.04650999106,0.842148488854,0.00179534125924,0.847406330628,0.0489687238527,4.90542489797
cluster,24,1,0.00179534125924,-0.000240880456384
cluster,24,2,0.00242557441387,-0.000149039351199
cluster,24,4,0.00248924972769,-2.60566324425e-05
cluster,24,8,0.230462794765,0.740679933603
32,-0.000242078895287,-0.000149986553877,1.07747071256,0.719032376531,0.00111657579506,0.632307186557,0.0381509631292,5.19007587761
cluster,32,1,0.00111657579506,-0.000242078895287
cluster,32,2,0.00152597889361,-0.000149986553877
cluster,32,4,0.00156634226288,-2.6094062338e-05
cluster,32,8,0.233285091242,0.736511077233
48,-0.000242646187957,-0.000150481257375,1.59578526009,0.611363765131,0.000401443951476,0.621664351988,0.0221545698996,5.59114129685
cluster,48,1,0.000401443951476,-0.000242646187957
cluster,48,2,0.000562807746631,-0.000150481257375
cluster,48,4,0.000577924126418,-2.61122664706e-05
cluster,48,8,0.14354368797,0.734474753542
