status=uncertified a=0.5 modes=128 quadrature=700 mass_error=2.373e-13
sector=even dimension=64
cut,ritz0,ritz1,finite_tail_min,full_coupling,ground_residual,prime_coupling,remainder_coupling,tail_L
4,9.83699638841e-07,0.0285334310352,1.04094561556,0.264204628966,0.00184764139123,0.239458475552,0.392180361003,3.10123877744
cluster,4,1,0.00184764139123,9.83699638841e-07
cluster,4,2,0.129020077221,0.0285334310352
cluster,4,4,0.264204628966,1.5327548035
8,-1.31458949371e-06,0.0247657639779,1.84093279705,0.461615279961,0.000543287687066,0.345084340558,0.272190916717,3.78158678967
cluster,8,1,0.000543287687066,-1.31458949371e-06
cluster,8,2,0.114148300083,0.0247657639779
cluster,8,4,0.223953216725,1.13252138578
cluster,8,8,0.461615279961,2.26688907104
12,-1.33577346473e-06,0.0226438652547,2.16797880516,0.395240282846,0.000461799178397,0.257483103507,0.215218700082,4.18615963317
cluster,12,1,0.000461799178397,-1.33577346473e-06
cluster,12,2,0.0987701673076,0.0226438652547
cluster,12,4,0.198555034922,1.12984258564
cluster,12,8,0.347639754408,1.94101060771
16,-1.34353716685e-06,0.0215138245938,2.41005733884,0.366284831056,0.000449845387227,0.333331675538,0.179503099098,4.47502273641
cluster,16,1,0.000449845387227,-1.34353716685e-06
cluster,16,2,0.0846747846357,0.0215138245938
cluster,16,4,0.17033541614,1.12829601527
cluster,16,8,0.259884580758,1.90139158466
24,-1.36010469243e-06,0.0205362145048,2.79476639776,0.411890572086,0.000419915945905,0.309740481405,0.134108962264,4.88370764714
cluster,24,1,0.000419915945905,-1.36010469243e-06
cluster,24,2,0.0703899671175,0.0205362145048
cluster,24,4,0.145285821111,1.12718652081
cluster,24,8,0.224429909927,1.89779564054
32,-1.37913795939e-06,0.0199196572793,3.05505754097,0.342622930878,0.000360103757931,0.280543035802,0.104000827876,5.17400410072
cluster,32,1,0.000360103757931,-1.37913795939e-06
cluster,32,2,0.0563907159778,0.0199196572793
cluster,32,4,0.117634656128,1.12634075087
cluster,32,8,0.18259418037,1.89570881775
48,-1.40275860527e-06,0.0193269442548,3.43296986531,0.285108189399,0.000237248210689,0.222381994689,0.060113826842,5.5808234528
cluster,48,1,0.000237248210689,-1.40275860527e-06
cluster,48,2,0.0348885192343,0.0193269442548
cluster,48,4,0.0741536304631,1.12552028743
cluster,48,8,0.116657812799,1.89401532595
sector=odd dimension=64
cut,ritz0,ritz1,finite_tail_min,full_coupling,ground_residual,prime_coupling,remainder_coupling,tail_L
4,0.000270397894809,0.447823418144,1.30181801417,0.380567598571,0.0131555650796,0.323766228437,0.0166320262682,3.22744961537
cluster,4,1,0.0131555650796,0.000270397894809
cluster,4,2,0.321634417628,0.447823418144
cluster,4,4,0.380567598571,1.46405795493
8,0.000244094322838,0.416203668544,1.7526991204,0.382642100456,0.0101230318703,0.29272507841,0.01213011151,3.84697122786
cluster,8,1,0.0101230318703,0.000244094322838
cluster,8,2,0.290038526148,0.416203668544
cluster,8,4,0.345240734345,1.25018167068
cluster,8,8,0.382642100456,2.40386446918
12,0.000237411675783,0.402609464181,2.16727525283,0.465649592347,0.00965744332428,0.301389062262,0.00976033719451,4.2300214952
cluster,12,1,0.00965744332428,0.000237411675783
cluster,12,2,0.264985418353,0.402609464181
cluster,12,4,0.31374615166,1.23973479343
cluster,12,8,0.350849655563,2.03283436847
16,0.00023031863221,0.393853579844,2.45605974717,0.478586209987,0.00914649985419,0.324138292557,0.00821356844587,4.50789128534
cluster,16,1,0.00914649985419,0.00023031863221
cluster,16,2,0.240737683516,0.393853579844
cluster,16,4,0.28636519168,1.23444178534
cluster,16,8,0.341565221454,2.00841610431
24,0.000218759665137,0.38372096523,2.79284442885,0.37448743968,0.00749492890427,0.339693124741,0.0061921982953,4.90542489797
cluster,24,1,0.00749492890427,0.000218759665137
cluster,24,2,0.187813686389,0.38372096523
cluster,24,4,0.223034088475,1.22859528336
cluster,24,8,0.267975919363,1.99542595709
32,0.00021291746615,0.379336355997,3.0747519427,0.433259581015,0.00643210788786,0.340470530285,0.00482399497489,5.19007587761
cluster,32,1,0.00643210788786,0.00021291746615
cluster,32,2,0.158598635577,0.379336355997
cluster,32,4,0.189352986892,1.22641191382
cluster,32,8,0.230680897469,1.99221594361
48,0.000205333170077,0.374158846233,3.44586471928,0.352708387612,0.00402649491435,0.299729025368,0.00280117556997,5.59114129685
cluster,48,1,0.00402649491435,0.000205333170077
cluster,48,2,0.09743419723,0.374158846233
cluster,48,4,0.116730956749,1.22373142193
cluster,48,8,0.143878125995,1.98825405626
