status=uncertified a=1.0 modes=128 zmax=10000.0 panel=0.5 order=16
cut,k1,one_minus_k1,k2,k4,k8,generalized_residual,dual_tail_residual
8,0.999999999999,9.13491504662e-13,0.999999999928,0.999999147199,0.686456951867,1.3174438234e-06,7.71084021122e-07
cluster,8,2,5.12698363012e-06,2.47104681161e-09,0.999999999928
cluster,8,4,0.000643947825822,5.82598323839e-06,0.999999147199
cluster,8,6,0.024293483774,0.0062261902571,0.99883469736
12,1,1.11022302463e-15,1,0.999999999769,0.998668021192,4.27130940113e-08,2.22841039019e-08
cluster,12,2,1.30970261612e-07,5.19752019201e-11,1
cluster,12,4,1.15475517618e-05,4.12750788437e-07,0.999999999769
cluster,12,6,0.000631490073186,0.00037369587718,0.999998930369
cluster,12,8,0.0232560234826,0.0287340521277,0.998668021192
16,1,-2.22044604925e-16,1,0.999999999997,0.999975046895,8.92492661759e-09,4.40853398343e-09
cluster,16,2,4.47978875115e-09,5.97299987248e-14,1
cluster,16,4,1.32961919627e-06,1.14446796484e-09,0.999999999997
cluster,16,6,0.000108076248797,2.76086798867e-06,0.999999980003
cluster,16,8,0.00312981487073,0.0016914901065,0.999975046895
24,1,-8.881784197e-16,1,1,0.999999978143,5.00658434265e-09,2.46606473606e-09
cluster,24,2,2.74151708017e-09,0,1
cluster,24,4,9.85872110423e-09,3.67261776546e-13,1
cluster,24,6,1.69668131457e-06,3.52380957747e-09,0.999999999993
cluster,24,8,0.000107731575127,7.97105936823e-06,0.999999978143
32,1,0,1,1,0.999999998742,2.50036777947e-09,1.18731716671e-09
cluster,32,2,1.00893243601e-08,3.33066907388e-16,1
cluster,32,4,1.21255510364e-08,2.10942374679e-15,1
cluster,32,6,2.35923590694e-07,3.96627175547e-11,1
cluster,32,8,2.20713881452e-05,2.59944710757e-07,0.999999998742
48,1,-4.4408920985e-16,1,1,0.999999999839,2.17344241283e-09,9.96825438919e-10
cluster,48,2,1.21008332717e-09,0,1
cluster,48,4,1.95777311895e-09,6.66133814775e-16,1
cluster,48,6,3.61974750765e-08,1.13753451103e-12,1
cluster,48,8,5.56803406071e-06,3.1752700802e-08,0.999999999839
64,1,-4.4408920985e-16,1,1,0.999999999864,1.83587492637e-09,8.28256025098e-10
cluster,64,2,8.28256048105e-10,0,1
cluster,64,4,1.93713711463e-09,9.99200722163e-16,1
cluster,64,6,2.57758095538e-08,8.04911692853e-13,1
cluster,64,8,3.8875653298e-06,2.12890933771e-08,0.999999999864
96,1,0,1,1,0.999999999893,5.32111718891e-10,2.35256274669e-10
cluster,96,2,2.35315036573e-10,7.77156117238e-16,1
cluster,96,4,7.70007956509e-10,2.22044604925e-15,1
cluster,96,6,1.33801572896e-08,6.85340673101e-13,1
cluster,96,8,2.04525097568e-06,1.75544780934e-08,0.999999999893
