0.0 -1.21864127528e+14 -40.3646464603 1.15212407013e-54
0.025 -1.00022573797e+14 -33.3111614806 1.71155465803e+15
0.05 -3.96982213175e+13 -13.4473980518 3.01793741001e+15
0.075 4.50816659131e+13 15.7420418024 3.63627347021e+15
0.1 1.35653869067e+14 49.6358825411 3.48657104915e+15
0.125 2.14058060647e+14 83.7526476144 2.69953952702e+15
0.15 2.67587507372e+14 114.772879644 1.548316027e+15
0.175 2.91002731559e+14 140.993077334 3.38139092358e+14
0.2 2.86034171047e+14 162.186379742 -6.91184381517e+14
0.225 2.59058634183e+14 179.087983935 -1.41017198685e+15
0.25 2.18364658322e+14 192.803837512 -1.79065857885e+15
0.275 1.7203689683e+14 204.36517511 -1.87087176289e+15
0.3 1.26726435762e+14 214.509830314 -1.72285455528e+15
0.325 8.70857286738e+13 223.655379522 -1.43182629526e+15
0.35 5.56192567788e+13 231.978947529 -1.08223803906e+15
0.375 3.28652677442e+13 239.524323703 -7.44835550321e+14
0.4 1.78810077252e+13 246.288805412 -4.6604187774e+14
0.425 8.91384987198e+12 252.274169722 -2.64383724019e+14
0.45 4.05154924411e+12 257.506267488 -1.35539784038e+14
0.475 1.67069592444e+12 262.035152255 -6.25656509415e+13
0.5 621842246821.0 265.926897776 -2.59003590985e+13
0.525 207815708762.0 269.254293601 -9.57373962275e+12
0.55 62015940703.9 272.089682554 -3.14487652872e+12
0.575 16430634500.9 274.500621075 -913362628495.0
0.6 3841556074.1 276.547841225 -233239696648.0
0.625 787599186.557 278.284701979 -52061122377.8
0.65 140653830.895 279.757448668 -10093417368.9
0.675 21727058.7368 281.005835555 -1688363977.91
0.7 2881723.08357 282.063864931 -241941841.965
0.725 325641.879635 282.960523215 -29478593.1533
0.75 31097.6181104 283.720463644 -3029712.35436
0.775 2488.24708716 284.364618339 -260465.634306
0.8 165.321420129 284.910737222 -18565.6121687
0.825 9.03489235082 285.373857362 -1086.98821437
0.85 0.402117481339 285.766708665 -51.7638201618
0.875 0.0144236422925 286.100062598 -1.98433641359
0.9 0.000412393147652 286.383030635 -0.0605696524593
0.925 9.29050901333e-6 286.623318805 -0.001455322771
0.95 1.62921411834e-7 286.827444213 -2.71944316359e-5
0.975 2.19571066116e-9 287.000918801 -3.90206508076e-7
1.0 2.24384469601e-11 287.148405061 -4.24221102034e-9
1.025 1.71432738078e-13 287.273847796 -3.44556351042e-11
1.05 9.64773253288e-16 287.380585501 -2.06000362389e-13
1.075 3.93734104863e-18 287.471444461 -8.92588963034e-16
1.1 1.14628964706e-20 287.548818188 -2.75738041587e-18
1.125 2.33991544229e-23 287.614734477 -5.96927286064e-21
1.15 3.28879013979e-26 287.670911991 -8.89318082089e-24
1.175 3.12257735407e-29 287.718808008 -8.94600178816e-27
1.2 1.96298270314e-32 287.75965872 -5.95573591507e-30
1.225 7.99988336434e-36 287.794513243 -2.56936852772e-33
1.25 2.06719774606e-39 287.82426233 -7.02555212127e-37
1.275 3.30890510355e-43 287.849662621 -1.18954483481e-40
1.3 3.20142535667e-47 287.871357124 -1.21699845535e-44
1.325 1.82459113957e-51 287.889892529 -7.33201653114e-49
1.35 5.9618721398e-56 287.905733839 -2.53175230544e-53
1.375 1.08548167474e-60 287.919276753 -4.8698880611e-58
1.4 1.06875454744e-65 287.930858137 -5.06427036791e-63
1.425 5.51409862669e-71 287.940764895 -2.75897094281e-68
1.45 1.4422346297e-76 287.949241477 -7.61797920538e-74
1.475 1.84692080271e-82 287.956496248 -1.02964349449e-79
1.5 1.11640631588e-88 287.962706882 -6.56756874083e-86
1.525 3.06516227994e-95 287.96802494 -1.90236437355e-92
1.55 3.67096631479e-102 287.97257976 -2.40324201826e-99
1.575 1.83797988379e-109 287.976481747 -1.26899017625e-106
1.6 3.67896093807e-117 287.979825185 -2.67837171231e-114
1.625 2.80885112568e-125 287.982690615 -2.15592833154e-122
1.65 7.78573872413e-134 287.985146858 -6.29942420454e-131
1.675 7.43852222435e-143 287.987252741 -6.34340079174e-140
1.7 2.31942726709e-152 287.989058566 -2.08445748342e-149
1.725 2.22873113129e-162 287.990607352 -2.11053331175e-159
1.75 6.21319134028e-173 287.991935905 -6.1989751464e-170
1.775 4.71634328626e-184 287.99307572 -4.95715340023e-181
1.8 9.11948980871e-196 287.994053757 -1.00965506132e-192
1.825 4.18760641333e-208 287.994893099 -4.88315016439e-205
1.85 4.24214833596e-221 287.995613513 -5.20967141303e-218
1.875 8.77371993041e-235 287.99623193 -1.134642925e-231
1.9 3.41497440266e-249 287.996762859 -4.65025340878e-246
1.925 2.29620632564e-264 287.997218731 -3.29214163048e-261
1.95 2.43759362524e-280 287.997610201 -3.67937361749e-277
1.975 3.71656066318e-297 287.997946405 -5.90564148742e-294
2.0 7.36793697446e-315 287.998235174 -1.23240925449e-311
