center best_h min_D5
0.000000 0.105533960689812 -1.0679748100840565e-07
0.005000 0.105395800785358 -1.0386664806028764e-07
0.010000 0.104977862659267 -9.5454388023875033e-08
0.015000 0.104269356474461 -8.2640231263339891e-08
0.020000 0.10325107700472 -6.7028607050952832e-08
0.025000 0.101892842028881 -5.0487851819481047e-08
0.030000 0.100149467539329 -3.4844014347424105e-08
0.035000 0.0979530895077539 -2.1581257138930522e-08
0.040000 0.0951987453383888 -1.1604969704586687e-08
0.045000 0.0917146969027567 -5.120217334633136e-09
0.050000 0.0871909660398894 -1.6649682658096261e-09
0.055000 0.0809659967382652 -3.1230102878475276e-10
0.060000 0.0710282377103685 -1.4802232566911179e-11
0.065000 0.006 3.7386983079951083e-32
0.070000 0.006 1.0451835032443578e-31
0.075000 0.006 1.612655223210275e-31
0.080000 0.006 2.2154323245513969e-31
0.085000 0.006 3.0137902430501535e-31
0.090000 0.006 3.6365580958752329e-31
0.095000 0.006 4.2560577765283883e-31
0.100000 0.006 4.8849286598361128e-31
0.105000 0.006 5.5701156318860608e-31
0.110000 0.006 6.1430646766626732e-31
0.115000 0.006 6.64814925360152e-31
0.120000 0.006 7.2453148277624581e-31
0.125000 0.006 7.8410341367892711e-31
0.130000 0.006 8.3484424799730974e-31
0.135000 0.006 8.6469736263153971e-31
0.140000 0.006 9.0023139366205505e-31
0.145000 0.006 9.3751099889676059e-31
0.150000 0.006 9.7065379044545049e-31
0.155000 0.006 1.0008600333695146e-30
0.160000 0.006 1.010030433085343e-30
0.165000 0.006 1.0247596508875252e-30
0.170000 0.006 1.0537180425816433e-30
0.175000 0.006 1.0618794412092288e-30
0.180000 0.006 1.0633552385377757e-30
0.185000 0.006 1.0578269875342843e-30
0.190000 0.006 1.0654613061340264e-30
0.195000 0.006 1.0485703055999051e-30
0.200000 0.006 1.0280134232383415e-30
0.205000 0.006 1.0178495260333345e-30
0.210000 0.006 1.0180743384123534e-30
0.215000 0.006 9.8517705560920572e-31
0.220000 0.006 9.5419682781956958e-31
0.225000 0.006 9.4122845797882886e-31
0.230000 0.006 9.0999338615579361e-31
0.235000 0.006 8.9248038125680441e-31
0.240000 0.006 8.5360263408242372e-31
0.245000 0.006 8.2188543171652777e-31
0.250000 0.006 7.9292067589681803e-31
0.255000 0.006 7.6278662249839847e-31
0.260000 0.006 7.2648394197591886e-31
0.265000 0.006 6.9262912845733971e-31
0.270000 0.006 6.6105485246654653e-31
0.275000 0.006 6.2381484686850986e-31
0.280000 0.006 5.8868948213895393e-31
0.285000 0.006 5.5680011561805854e-31
0.290000 0.006 5.2236087982276865e-31
0.295000 0.006 4.9158143941823719e-31
0.300000 0.006 4.6011680888595964e-31
sign_change_brackets [((0.06, np.float64(0.07102823771036851), np.float64(-1.480223256691118e-11)), (0.065, np.float64(0.006), np.float64(3.7386983079951083e-32)))]
outer_tangency_center 0.06384357180367382925638416965165568008576
outer_tangency_spacing 0.04638465894762326129469836893066311501916
outer_tangency_D5 9.0773324641994537545e-62
outer_tangency_dh 5.0174012135205434539e-59
broad_scaled_scan
broad_negative_centers [(0.0, -1.7845405134581993e-07), (0.01, -1.6385505307942343e-07), (0.02, -1.1986525787546332e-07), (0.03, -5.728991678989515e-08), (0.04, -1.9573840475809107e-08), (0.05, -2.7782840585057465e-09), (0.06, -2.375950483785633e-11)]
