status=uncertified a=1 modes=128 zmax=5000.0 panel=0.5 order=16
spectrum,cut,k1,1-k1,count_1e-3,count_1e-6,count_1e-9
spectrum,32,1.0000000000000007,-6.6613381477509392e-16,11,9,7
cluster,32,8,-6.6613381477509392e-16,1.2581290453894667e-09,2.5994132191176078e-07,2.2071236109845192e-05,0.0018740362626219846,inf
cluster,32,11,-6.6613381477509392e-16,0.00032523738093215293,0.0045273567484320765,0.010471804497212207,0.024221349348228637,inf
spectrum,64,1.0000000000000007,-6.6613381477509392e-16,11,9,8
cluster,64,8,-6.6613381477509392e-16,1.3608669746645319e-10,2.1288415807951822e-08,3.8875085136372393e-06,0.00070990357290733627,inf
cluster,64,11,-6.6613381477509392e-16,8.6501419127027468e-05,0.0037344416237493627,0.0018222691808850687,0.0008891998596217462,inf
spectrum,96,1.0000000000000004,-4.4408920985006262e-16,11,9,8
cluster,96,8,-4.4408920985006262e-16,1.070233901501183e-10,1.755389311686173e-08,2.0451836181155285e-06,0.00023828195853547028,inf
cluster,96,11,-4.4408920985006262e-16,8.2133936921358064e-05,0.0034188541085486968,0.0011074895714039731,0.00035875562741962661,inf
